40 40
1078 964 998 1044 1075 1054 1021 878 926 746 825 1101 859 797 886 769 788 806 971 757 1043 967 908 935 881 1048 765 887 980 886 860 881 775 786 915 954 888 916 858 831 
913 938 1010 880 1062 920 962 865 934 695 804 1172 943 785 928 1021 820 951 894 746 1125 926 877 964 876 850 809 971 979 853 790 816 785 833 1106 948 929 930 832 726 
898 849 985 815 958 892 847 802 938 636 748 974 826 730 791 893 748 850 846 691 940 865 869 942 707 903 786 833 888 823 749 686 747 752 821 921 824 846 794 735 
1020 978 915 893 1051 995 912 903 944 745 747 1054 814 719 910 877 812 817 959 688 913 940 967 890 776 1020 782 882 874 826 857 766 806 805 851 1006 775 802 746 808 
831 801 850 823 832 829 849 869 844 590 711 873 784 721 897 796 596 766 816 597 869 890 830 845 708 902 754 767 843 667 626 772 727 781 723 918 912 867 728 683 
1028 927 958 792 1033 863 916 819 880 640 766 1115 897 634 794 847 769 910 930 718 1052 974 948 993 860 883 651 851 869 984 834 785 779 762 967 890 881 792 761 819 
1256 1134 1184 1060 1188 1106 1184 1045 1072 898 794 1199 1093 888 933 1164 864 1037 1049 845 1152 1170 1157 1093 896 1046 834 1060 1031 927 947 939 952 910 1089 1117 1101 1059 942 966 
875 871 809 749 927 767 790 735 785 592 694 1015 781 674 811 880 693 849 806 687 842 789 845 886 740 824 627 857 832 808 742 746 798 668 835 857 853 778 734 631 
971 952 968 888 1066 1005 963 869 949 721 754 1143 918 792 939 965 886 916 1000 753 1110 948 893 1017 896 892 793 954 901 929 879 879 781 782 998 952 902 860 902 728 
799 893 720 780 944 812 673 742 638 600 647 891 771 546 706 805 528 696 832 557 807 829 800 809 625 755 601 721 756 737 773 646 716 697 862 818 669 688 668 739 
1073 1157 1086 936 1175 1049 929 892 968 783 885 1148 1002 794 1013 1029 788 1060 986 838 1099 1009 1087 975 834 986 835 938 1002 994 861 919 853 922 1053 1074 911 938 800 856 
988 990 989 945 1019 933 920 870 889 743 750 1010 827 702 777 979 679 832 878 704 961 871 965 940 701 921 755 848 865 850 813 673 855 779 850 945 821 871 835 826 
928 806 865 743 947 718 791 765 804 616 765 1091 656 670 753 823 712 772 907 585 879 830 734 837 786 778 671 885 803 793 712 632 738 673 895 787 766 775 771 725 
1161 1056 1079 1071 1235 1045 1078 974 1043 913 940 1219 955 765 876 983 852 970 1096 768 1042 1033 985 1096 842 1112 836 1040 1021 978 974 921 841 830 1050 1068 914 919 914 911 
990 953 1064 825 967 918 979 940 967 793 715 1051 824 776 798 961 725 927 976 731 892 857 959 1002 771 943 788 874 823 888 742 731 834 722 852 992 953 894 923 747 
877 890 962 851 908 967 874 835 895 678 634 897 791 710 869 879 694 836 812 729 827 739 895 855 755 905 720 807 810 791 667 701 689 813 676 1020 864 853 802 677 
968 979 966 1018 1048 910 937 919 926 785 683 1100 874 753 899 970 712 874 934 685 945 923 903 933 855 896 766 979 931 916 907 723 842 826 895 1067 897 880 861 759 
717 639 759 682 781 741 637 707 706 474 543 791 681 634 634 758 537 588 703 609 761 725 632 681 639 624 606 649 767 608 648 498 625 715 682 701 671 755 613 577 
1140 1066 1056 995 1121 1066 1094 955 1059 856 833 1169 945 761 919 1080 839 1006 1014 790 979 961 990 1005 876 1002 862 991 974 928 878 932 896 760 946 1046 1063 897 951 796 
928 837 894 868 901 867 868 747 831 667 717 992 782 668 718 777 648 748 882 553 847 887 776 820 824 847 682 724 793 786 867 633 714 667 835 773 721 713 739 704 
1083 973 1030 1008 1072 968 1009 837 951 767 757 1080 899 784 751 957 754 850 962 727 1011 953 938 955 733 893 728 835 929 872 908 833 817 832 927 966 995 841 825 843 
983 937 912 852 969 905 881 891 923 729 817 1074 866 688 797 918 680 796 944 637 957 1042 870 950 714 806 831 805 886 805 870 668 815 811 978 880 802 832 825 803 
948 947 948 884 1033 925 921 821 875 703 861 1174 929 705 928 959 683 886 917 716 929 924 867 959 876 880 812 920 969 902 795 707 806 801 988 998 929 978 852 699 
1167 1070 1050 1045 1255 999 1109 1010 1077 808 903 1323 854 844 1056 1049 852 984 1137 756 1102 1082 1072 1100 994 1135 806 966 994 1052 925 839 915 853 1019 1046 930 1041 875 952 
797 728 825 612 776 705 791 727 723 548 561 794 623 661 663 741 600 729 690 612 837 699 741 670 617 682 635 687 696 651 567 611 560 555 636 633 664 768 671 533 
1038 989 919 977 1093 1058 879 917 941 869 839 1197 912 740 908 962 811 830 941 717 1000 974 909 919 813 898 820 960 939 913 925 747 885 828 1039 1040 883 888 864 839 
912 853 845 883 1030 821 901 792 900 662 720 1044 695 634 732 808 686 785 845 670 1023 878 850 857 787 863 674 773 864 758 700 669 703 750 801 848 782 758 692 746 
1052 935 899 830 997 935 866 810 925 657 823 990 868 807 879 957 787 929 891 698 991 936 929 876 746 881 704 883 877 840 718 768 700 737 803 918 850 831 770 721 
850 833 757 703 819 891 694 766 780 570 639 890 746 680 779 858 745 789 775 588 835 772 773 659 741 700 654 863 720 691 748 686 582 600 790 735 692 717 714 597 
771 739 808 747 846 771 809 813 782 625 671 925 684 644 725 738 607 652 740 608 789 742 736 729 674 834 700 766 788 742 653 539 712 681 729 777 750 756 720 639 
980 928 963 943 1061 947 869 789 820 710 721 989 856 666 810 911 679 791 805 602 962 882 840 886 804 920 702 835 895 765 836 743 804 802 849 948 853 830 842 715 
1057 1019 976 963 1129 1050 950 944 1028 819 818 1151 944 863 988 988 816 993 997 757 1075 1035 981 900 896 969 859 957 1017 863 812 892 830 868 1037 1073 946 882 811 865 
713 759 657 647 820 696 665 685 739 603 596 778 587 517 623 759 546 672 767 450 682 754 685 712 554 704 674 696 714 553 611 445 635 506 609 747 578 554 650 587 
927 830 883 832 989 836 920 760 811 750 687 1045 807 574 690 803 668 697 782 635 907 862 809 954 791 890 625 770 812 780 659 692 728 686 877 855 766 745 732 703 
1059 1103 975 866 1103 1104 825 896 935 706 899 1133 973 772 981 996 791 938 996 790 1012 945 924 1017 880 949 792 932 1019 948 908 863 819 826 998 1018 918 892 988 843 
969 874 912 853 981 934 938 802 891 688 756 991 902 646 686 953 720 774 760 723 933 920 880 823 726 785 692 856 925 746 757 706 703 764 851 862 899 809 768 736 
779 869 868 667 934 809 890 785 898 594 707 1094 788 694 826 903 724 860 775 686 890 876 842 828 809 769 697 870 833 831 768 614 745 676 872 801 827 669 770 652 
997 853 851 770 942 823 785 887 857 660 657 905 704 698 747 852 707 823 914 576 951 832 868 766 756 845 634 769 725 700 683 716 659 719 706 871 738 779 711 697 
954 876 892 868 1002 1017 829 864 832 712 796 1009 900 609 854 815 721 789 902 746 954 846 808 938 780 974 777 900 887 841 816 787 781 765 914 947 799 868 783 763 
980 967 973 915 1090 1033 829 890 910 744 725 1058 983 703 834 1033 736 854 939 662 971 954 878 948 753 835 838 811 940 840 890 673 777 888 964 1068 827 887 855 780 
Tempo: 1.1774 ms
